# Generated with cleanbkz 0.6.5
# Copyright (C) 2014 Janos Follath
# This is free software with ABSOLUTELY NO WARRANTY.
#
# Full enumeration time: 0.84995854e29
# t_full= 0.84995854e29
# Double step linear pruning: 0.9411309887e18
# Changes: 5
# basis: 's20d80k30.lat' 
# estimated enumeration time: 9.41121e+17
# success probability: 1.37243e-10
# boudary function: 

0 1.975
1 1.975
2 3.75
3 3.75
4 5.925
5 5.925
6 7.9
7 7.9
8 9.875
9 9.875
10 11.85
11 11.85
12 13.725
13 13.725
14 15.8
15 15.8
16 17.775
17 17.775
18 19.75
19 19.75
20 21.725
21 21.725
22 23.7
23 23.7
24 25.575
25 25.575
26 27.65
27 27.65
28 29.625
29 29.625
30 31.6
31 31.6
32 33.575
33 33.575
34 35.45
35 35.45
36 37.525
37 37.525
38 39.5
39 39.5
40 41.475
41 41.475
42 43.45
43 43.45
44 45.425
45 45.425
46 47.4
47 47.4
48 49.375
49 49.375
50 51.35
51 51.35
52 53.325
53 53.325
54 55.3
55 55.3
56 57.275
57 57.275
58 59.25
59 59.25
60 61.225
61 61.225
62 63.2
63 63.2
64 65.175
65 65.175
66 67.15
67 67.15
68 69.125
69 69.125
70 71.1
71 71.1
72 73.075
73 73.075
74 75.05
75 75.05
76 77.025
77 77.025
78 79
79 79

